51743
25468
14633
54860
18870
42903
8973
29056
1976
11383
56369
41942
60438
34657
2448
54188
24479
5899
21966
9395
16464
9370
46725
5910
55015
16108
32567
51157
10794
15749
16771
62537
41217
31404
51862
60087
8771
60835
23608
10747
6682
14441
52689
1585
49098
55137
55773
8042
61036
12203
17437
11965
21573
64163
17875
11053
14735
50442
62210
25529
655
13445
22531
41873
44849
8857
36424
53620
4156
60032
64367
10839
8938
51521
12424
58036
41122
2661
542
36623
14865
17980
48588
36438
16607
927
47491
31342
51370
44166
56871
52025
57611
13866
28362
36925
22723
64787
25009
26880
59283
23841
37719
2685
9826
50143
60722
50948
52804
61264
22035
2133
13708
5087
38572
30315
6015
20527
61657
57385
64693
52993
43874
56769
1323
6701
28158
24047
5952
53167
50927
65235
11472
23110
2385
21298
7717
63107
6711
60521
58835
28746
62655
7008
33834
35691
37323
39849
56218
33445
31698
55376
20902
10036
46609
22225
16737
9231
46272
22689
62398
31663
22389
8335
54773
24774
29633
62490
22345
36344
57476
15644
65091
54595
22652
33389
24750
59976
7702
15432
27885
39400
5272
48787
49436
51881
5476
638
61112
51749
23327
57975
17876
45716
774
7114
4954
30407
4068
27299
1216
61544
42944
771
50603
60
34160
9817
60036
41862
25250
22385
15726
30522
5636
65162
16868
11113
264
12444
62862
23592
4883
15202
3772
5657
22316
8727
36065
26385
36026
37281
22393
13434
38052
7461
13495
6676
17278
7995
48538
42528
30381
64264
7515
36017
63890
24383
47130
64155
36827
44456
22211
41711
59659
25983
47368
16439
34710
17897
42824
5201
55178
65218
18635
27694
7143
32130
34370
24421
40126
17372
1414
4971
16100
8929
40988
14455
33312
22583
13074
4603
1503
35285
46314
61162
61268
28147
12066
30443
46044
54890
35644
35687
54572
54279
63381
61715
20874
32216
20601
61000
49588
22015
435
153
30944
41423
14608
64256
64006
27682
3323
65510
62967
49638
61136
58699
12249
7666
23606
58293
62557
59250
28444
51593
47994
26290
47773
3332
58506
2838
64332
42558
24853
64767
42711
55797
40654
57319
54517
39125
19465
57840
39099
16896
41942
34699
10060
54191
42366
33666
46949
39387
27381
9857
25444
9839
36147
7681
13171
29117
10519
11967
6140
35372
11198
48851
25633
51852
40635
14614
25441
60100
6919
64540
11461
48861
33704
21521
37517
10534
55187
18930
49921
17032
28787
9829
26871
64935
17511
40042
28516
28030
52009
34656
63403
63207
17972
23500
49524
58607
38115
9429
53171
45034
8434
64632
28359
42138
20617
340
52672
10269
19270
37057
27301
48058
46886
54173
47457
64397
28679
10437
26892
15153
45094
24759
12824
63066
48259
62348
56137
20838
6242
43772
336
14676
42869
28696
56814
63486
29036
43950
8219
48307
15471
35521
30829
62357
24158
12750
61219
52837
23187
22575
2454
2745
47334
15279
275
30057
12091
56412
50896
18333
34649
51232
33009
11982
14392
24287
9932
43429
2701
18152
26200
18172
53673
57029
14994
12295
4243
10677
65132
27430
33252
2051
30176
15050
17330
30451
45107
29421
21328
30467
47755
55977
16164
15228
2423
30556
39516
12355
8449
42217
30507
34649
60390
18644
26142
9848
30939
30385
20525
30536
57816
53777
32587
22456
3291
49917
52907
48398
13802
8699
13330
61557
64676
29494
11250
1563
60050
50766
13919
2964
27447
44426
37613
22301
63071
63756
32149
28474
28605
52674
59010
20885
40915
26061
43341
44206
10442
30713
27069
24245
39412
40399
20266
38553
4357
31516
40116
64407
16746
54035
1835
44194
32926
39449
959
30461
37669
33109
58935
738
20247
52410
21624
61163
12935
64965
39833
23378
30142
1366
47623
4019
41765
2353
42572
46122
33870
17152
44994
50616
5652
46829
29274
38578
20742
30234
3503
58411
63343
62438
59150
18054
49312
15238
13681
62248
14667
53515
20090
44810
54881
2177
48829
31111
4530
25865
11697
38400
43017
56691
23481
48669
37985
52755
21711
58727
17453
25214
51603
15260
22117
45217
33315
5893
60455
46996
2605
9586
34975
22695
54396
24321
24872
37689
55432
29403
63554
1593
2267
41036
58285
25748
24169
30734
12968
45881
23925
30421
5559
9992
45682
27676
55209
13461
33570
50128
60457
36175
59715
29897
58871
48575
54218
18207
20729
44114
47610
18747
45707
49878
59783
38456
10090
18417
3654
23058
64298
27580
53480
4321
37572
33626
31998
27246
47087
32
11838
42008
36207
6017
6369
29542
54593
60587
47750
9786
39165
29824
28533
19337
14166
22781
57793
24257
41198
61448
47315
39960
23492
35259
44281
61064
3349
10743
22774
50436
10775
34613
26909
46983
40630
33278
10989
29687
28330
58739
39473
1959
23028
2471
21296
37194
25252
13554
61451
914
9466
43231
40874
32958
12954
19619
28486
16304
30363
51261
1204
41138
20338
28113
22585
60968
61392
33575
25120
24186
26778
64593
26145
49806
1528
47442
21465
26780
60996
17380
27694
4926
60611
3032
37884
8030
22652
834
24334
53015
52095
25538
28617
6897
53652
51203
2330
49508
19242
27450
8158
46020
26507
34303
30291
28036
16209
51756
54816
11669
3600
16975
16595
64212
20007
54479
6706
42659
55314
31040
30138
41873
56578
58756
48771
44694
44423
51101
28666
63665
13015
36824
44149
39522
5592
8904
2022
21801
60660
56839
33471
64261
8278
50066
62937
28285
39010
4107
5409
28788
35147
35547
5125
26189
28767
53896
5348
7654
39461
34014
5783
52476
5303
49933
26463
10895
58837
28485
32696
53962
19788
631
52687
28066
50698
50088
56352
24172
54195
61761
52960
23806
31772
58085
49995
60540
46446
55343
2658
20371
23822
8442
7312
29125
58375
33775
40020
51676
62260
7180
40102
16513
7812
27253
44579
58510
11805
35395
17146
464
31620
4570
24270
63393
62655
8730
58397
43565
64073
61055
63937
22359
3961
5713
51484
62336
39488
25968
48477
36212
33149
23043
52725
40961
50297
31769
33935
62102
1628
51081
62567
33249
55651
21301
31106
52770
30031
23967
30800
28569
19486
29201
50928
23448
34914
36877
20248
8866
62845
3189
45078
30458
26233
32268
5883
10994
64037
39818
7560
129
25363
4591
33378
15478
25893
64484
2713
55924
22915
33513
18957
42402
62714
4350
314
32092
41227
20562
40958
38536
23752
20500
3459
49985
52768
9342
60979
51269
